1-2-826-0-1-3680043-9-1400-1-1-4-4232746890-20340-1747185568-19.dcm	sliceID: 	7001	ImagePositionPatient	-202.214	-79.6032	-70.5046	ImageOrientationPatient	0.792067	7.87262e-07	0.610434	0.377686	0.785613	-0.490067	PixelSpacing	1.40625	1.40625
1-2-826-0-1-3680043-9-1400-1-1-4-4232746890-20340-1747185562-10.dcm	sliceID: 	8001	ImagePositionPatient	-193.726	-90.5545	-81.5185	ImageOrientationPatient	0.792067	7.87262e-07	0.610434	0.377686	0.785613	-0.490067	PixelSpacing	1.0	1.0
1-2-826-0-1-3680043-9-1400-1-1-4-4232746890-20340-1747185562-28.dcm	sliceID: 	9001	ImagePositionPatient	-185.237	-101.506	-92.5325	ImageOrientationPatient	0.792067	7.87262e-07	0.610434	0.377686	0.785613	-0.490067	PixelSpacing	1.0	1.0
1-2-826-0-1-3680043-9-1400-1-1-4-4232746890-20340-1747185563-17.dcm	sliceID: 	10001	ImagePositionPatient	-176.749	-112.457	-103.546	ImageOrientationPatient	0.792067	7.87262e-07	0.610434	0.377686	0.785613	-0.490067	PixelSpacing	1.0	1.0
1-2-826-0-1-3680043-9-1400-1-1-4-4232746890-20340-1747185564-10.dcm	sliceID: 	11001	ImagePositionPatient	-168.261	-123.408	-114.56	ImageOrientationPatient	0.792067	7.87262e-07	0.610434	0.377686	0.785613	-0.490067	PixelSpacing	1.0	1.0
1-2-826-0-1-3680043-9-1400-1-1-4-4232746890-20340-1747185564-35.dcm	sliceID: 	12001	ImagePositionPatient	-159.772	-134.36	-125.574	ImageOrientationPatient	0.792067	7.87262e-07	0.610434	0.377686	0.785613	-0.490067	PixelSpacing	1.0	1.0
1-2-826-0-1-3680043-9-1400-1-1-4-4232746890-20340-1747185565-18.dcm	sliceID: 	14001	ImagePositionPatient	-180.784	116.78	78.6807	ImageOrientationPatient	0.9954	-2.8117e-07	0.0958042	0.0787602	-0.569348	-0.818315	PixelSpacing	1.0	1.0
1-2-826-0-1-3680043-9-1400-1-1-4-4232746890-20340-1747185566-1.dcm	sliceID: 	16001	ImagePositionPatient	-152.157	-125.99	94.6486	ImageOrientationPatient	0.198338	0.966008	0.165804	0.64138	-6.18667e-07	-0.767224	PixelSpacing	1.0	1.0
1-2-826-0-1-3680043-9-1400-1-1-4-4232746890-20340-1747185566-27.dcm	sliceID: 	17001	ImagePositionPatient	86.4403	-91.9405	153.513	ImageOrientationPatient	-0.621421	0.783462	-0.00474517	0.0391428	0.0249969	-0.998921	PixelSpacing	1.0	1.0
1-2-826-0-1-3680043-9-1400-1-1-4-4232746890-20340-1747185567-10.dcm	sliceID: 	19001	ImagePositionPatient	-177.502	70.0554	131.214	ImageOrientationPatient	0.747047	-0.664755	0.00463412	0.149484	0.161188	-0.975537	PixelSpacing	1.40625	1.40625
1-2-826-0-1-3680043-9-1400-1-1-4-4232746890-20340-1747185567-36.dcm	sliceID: 	22001	ImagePositionPatient	-30.6926	-140.019	198.673	ImageOrientationPatient	-0.0607402	0.998143	-0.00470711	0.134511	0.00351246	-0.990906	PixelSpacing	1.0	1.0
