x,y,z,Frame
34.47845792936333,-3.152360645548209,-85.52923650878583,008
-11.234747933014111,34.3944737104746,-59.70328952671609,008
-7.2630806528643825,38.27417553350219,-61.3731280399044,008
11.485134285418109,45.478273195701775,-55.640297515360515,008
19.11999400665972,42.68521896232404,-43.77845730455049,008
-7.720090353037185,21.11191250765,-29.797613358027643,008
27.538782176813207,26.45567266294576,-37.173472227237475,008
26.11573608095442,35.838220203968696,-45.59605781120584,008
28.144580024779618,20.86334903644497,-80.6128905012325,008
39.15006789483079,-13.859875526727103,-68.53040882081872,008
29.537686747910527,-18.021955521544168,-86.76532898840166,008
36.91481920467397,-0.9386659732024512,-46.396291710353026,008
43.79566150638734,0.7251357509364922,-72.83474763934088,008
43.987747323063154,20.366060758080106,-60.6838991173467,008
28.096843166787266,-4.93208378437662,-86.75587692917874,008
13.566083251217773,10.892132341238588,-79.68207669311037,008
20.493818108520237,41.97563188353058,-55.996526259720696,008
27.414292126370174,-17.880777981993848,-79.66306336137347,008
39.73568088460482,-2.616149040247974,-79.41640353655208,008
33.45933622010839,21.594056830620985,-69.11806916612417,008
2.154670857344169,23.378450976080984,-27.05858254964408,008
-16.09170128803865,22.769400701626015,-45.68388426609552,008
-7.028058993014059,19.715037688985905,-27.707024668514872,008
5.120290656088945,15.806505503170904,-21.999288992916203,008
-13.010496084933255,20.501676687706695,-31.55985697966945,008
-2.4622703064698195,20.079214818021473,-19.20084022567459,008
5.4317834593107275,15.855664077824317,-15.255149257831112,008
1.2389235892812624,4.5785640424718155,-19.324170561258384,008
-12.152987782749735,10.993904452829659,-29.83368580563528,008
-18.88996756929894,10.923746478390408,-46.05757755884785,008
-3.2473607660187445,5.408800054332019,-31.175141830351496,008
-15.159440301913294,2.890255189178031,-40.49828563815999,008
11.859619807344997,27.919602133098472,-26.96592029111535,008
20.93336529261905,14.635349798137895,-35.13568311979094,008
-11.164016650030064,0.25055121541916564,-31.358718314781548,008
35.65202852908128,28.390072964802265,-51.577629784162305,008
4.401291305477166,19.21544677382959,-71.651349105035,008
26.98909666430053,32.227362851630126,-61.12004981806433,008
31.77720204899719,4.262897576318506,-36.56104375950296,008
28.96158536990625,5.753580365008884,-78.0557272712467,008
38.45450187870606,-8.978429677384645,-56.375086230976024,008
42.6218569616947,8.681724966108845,-67.26768553384973,008
22.03480822885782,3.5999372938672303,-81.33267058846259,008
34.758244020509665,8.766815041840166,-71.05579481668195,008
-5.020136262547335,27.819654559071008,-69.94489231006486,008
-17.161170816484653,20.77250587524601,-49.510856580875576,008
-11.490677129045501,27.52119663482274,-67.33271155506328,008
15.07245696421857,5.819955691771424,-32.10380503666645,008
2.283350297634688,7.569704023755093,-31.59649916438444,008
1.5379030686467257,42.80451982801062,-61.029017817448036,008
43.76082776630231,-7.07179780057755,-71.43329178825618,008
40.78837194245278,10.812404412969562,-52.75098481523248,008
18.255409445457293,34.001760438494614,-30.211728407546083,008
31.731427495989337,-13.117247412282085,-89.18430169481043,008
39.36035815448356,-12.249189299643856,-94.98301061211262,008
35.33376590010971,20.29505505617348,-42.677323032076465,008
43.59573967641304,1.2210291829894573,-60.83233196391678,008
28.835085805160343,-17.296177172650513,-70.31525191334069,008
21.620882155831662,-9.47583006829384,-48.62214652851486,008
18.430644949315724,-3.2492865901819377,-36.503948505806875,008
26.677850423881043,-13.49751017489319,-58.55683714231447,008
7.499263389267704,23.791429930571052,-27.68137135647138,008
9.71438299505388,15.414788193846416,-32.83871536928612,008
-15.652418283759072,27.491822701240142,-53.17096089179898,008
-15.28682476576326,28.24386193467321,-59.16310258481796,008
19.400838557100062,29.94230341810551,-71.31963443359521,008
11.655694478540694,41.66984866203111,-63.71915490710599,008
39.35517035659223,-19.965363598707505,-80.681829756596,008
37.68702827633053,-21.650022614303566,-90.11957758691167,008
45.25676883299054,-12.256957177572275,-84.20421702708282,008
-3.6200220201549906,19.54905142327601,-66.53406645518649,008
-11.936128078974516,16.877386276072254,-58.230486000481335,008
-9.511062789697538,20.46376506669393,-64.59827444507053,008
-14.360769329959913,19.013675720154016,-61.54407345194401,008
-11.884537475584436,8.03049512567994,-52.59823187274775,008
-3.1722004635873127,4.891251117405292,-39.66255027220468,008
-8.437004857630944,3.971671287061034,-46.98852979464865,008
9.63079140125737,1.637857767342381,-40.15303155114934,008
2.985042801931188,6.428788540101778,-41.333640461796314,008
-2.715745750295107,2.430383890931093,-49.13006715939001,008
3.330221904312536,1.4405258499227054,-52.210433432895954,008
-4.787079725007337,8.8742038933174,-56.58302683008684,008
-0.597528005837307,4.692424797492699,-59.03406679422914,008
-6.49354320816957,13.4898720501691,-60.82797583832988,008
-1.357273572890562,12.366882558514384,-64.1906438625335,008
20.094189060269592,-9.457495421033858,-77.95652524599818,008
20.647720893149575,-3.0296812269917783,-82.4885717947302,008
21.33768714514615,-12.418899000658472,-75.1504808968138,008
22.26260370886388,-5.8992082379168,-81.65252817938794,008
22.556762897166976,-13.253843330339237,-69.44272303717865,008
15.196336404636735,2.3394053891015703,-79.48585272216661,008
20.119832957171823,-11.330543605969632,-64.15716768732973,008
15.591876545254925,-8.920934328706036,-68.97337297231296,008
13.826042229663896,-6.1686754000675394,-73.77581843903313,008
14.471456906646896,-1.4640866188782513,-76.65858094640899,008
8.782821210530763,8.464723697870381,-76.09754404113366,008
9.467175706897345,-2.6468630982295416,-69.3165913160001,008
11.007918706370393,-6.679023137458447,-63.22523937440103,008
15.479213648996847,-7.9677327104858895,-54.00016178899257,008
8.56812806492585,2.3105344151396823,-71.92592024001881,008
13.437734610625172,-2.8238921552750624,-46.423616857079324,008
6.605933201442403,-3.4255350997323406,-56.70213793290846,008
4.387935263954475,0.8842949437310227,-64.56603194732635,008
4.130625970871729,7.268892342895784,-67.85963108720877,008
3.3199937234655996,14.618337523270606,-69.56996984066065,008
8.730155084693996,-20.97177567616259,-70.66016788147374,008
-24.889445312967066,0.347179781815136,-51.18550117704208,008
-41.195713507629996,7.889685585743053,-77.11612593907279,008
-25.95829027940759,22.562237504896533,-71.30067571353102,008
-41.51993384731693,1.6101503582498762,-82.56432101388302,008
1.1928138701311204,-22.192098340044076,-51.892723716106325,008
-4.639844787626443,-14.16380922108007,-98.12159864423298,008
-20.020843745456666,24.071359506189584,-71.3305871215223,008
-11.023492327876786,-24.2360543960107,-59.141245111781444,008
-21.02430915843832,17.15148237969157,-58.92795701113421,008
-18.31750699278058,-14.822240645627854,-5.25709955281914,008
1.323568393345916,-10.318777846432159,-4.575208433244409,008
-5.584309974974577,1.1996492036660849,-12.009229181006086,008
-21.79006483289432,8.96668599682362,-51.9445409011028,008
-28.88048446911663,-19.525818612351614,-31.766506251016864,008
-7.107157989858918,-21.409298529136958,-28.086019458297418,008
-38.62880211847463,-6.702890576152158,-62.9530170929602,008
8.062798630269109,-20.214486063221187,-80.90493422354963,008
-30.351173893980857,-4.183755771025881,-54.29396141105761,008
-20.746353066463353,-5.34559683315818,-10.184348242664932,008
-15.030959546772985,0.31534109534912946,-13.630186855066862,008
-28.413843640107547,-13.829757849199146,-44.18654464674292,008
-21.46490047212721,-25.275323276882695,-35.67822956534177,008
-22.22813476678656,-10.688997340137018,-8.773081015822736,008
-9.251090773361373,-18.955934645782524,-1.9361661715424268,008
-0.37162135352387937,-0.29181426331088006,-9.99644690250772,008
-35.356973530959735,-3.993271859688049,-88.67208806053469,008
-3.089385208315023,-23.999905311644795,-38.16844218683476,008
-16.723810228001593,-25.75791551655451,-45.840175963597694,008
-35.136027408359936,-28.212980317495656,-68.72208647830608,008
5.2260528423278165,-20.856312049905434,-61.75052816718294,008
-2.842100954637016,-25.73898883971788,-68.08056455569752,008
-24.189013677538288,-8.518490787816049,-91.55615361103662,008
-0.4322006680616177,-24.117612213501868,-87.95581644429959,008
-11.785781575501263,-25.312398411911133,-82.44621357831642,008
-11.70456078922281,-10.015220533454375,-96.65372475035063,008
-19.55297008931931,15.400733392887785,-56.426971117610314,008
2.462416400299289,9.160654324664753,-86.42894876915936,008
13.164860072274575,2.8517372797078404,-88.84146450819351,008
-6.622797484416957,13.253851075651427,-76.24982293236397,008
-15.758320205240445,19.793338383158748,-73.86603432214505,008
19.5017826845555,-9.115705174628689,-93.21226661371975,008
-26.271879090942903,-30.357181586340676,-75.15947248131354,008
-20.39412629058172,4.581765078369043,-48.211589346591,008
-18.490413950162953,-6.120963658776864,-41.36314927968854,008
18.804699829215917,-20.396925447098884,-71.5639602621469,008
-53.43738480610565,-15.43862192248632,-78.65822261048805,008
9.914737440008746,-18.87113215911843,-49.46818518562485,008
-44.05792504348706,-1.8214660185083786,-71.22185361070305,008
24.214413336150248,-21.222496286488898,-89.95963046124741,008
15.952339451351317,-20.55192991214737,-79.30238073660351,008
-45.6360070163601,-18.943892250950064,-84.29088214556673,008
10.299651679478595,-12.737584963051468,-35.82984993802243,008
-16.226338290954054,-19.138619455804026,-93.96217030634254,008
15.364681119338513,-18.26601052248211,-60.59537486610655,008
-4.484595365598871,-20.076234198017644,-96.4435659505657,008
-11.723816772608018,-7.452281713782056,-33.90430121760177,008
-33.67266896714223,-19.536931207680663,-90.56110463901554,008
28.68937887973678,-18.247015972708923,-99.75854565754734,008
-1.8404831691858798,0.000831155975813797,-24.683465733816263,008
7.911957842015325,-8.223341180387381,-22.04030523466384,008
-21.88924403754115,22.306901352655085,-65.4736667569494,008
-20.208960709936104,21.712560341150372,-64.39361516236663,008
-15.792067956477055,13.960504668385187,-69.20761670045995,008
-17.412558244071764,9.940413496163483,-61.416942479691315,008
-13.331285455963874,12.057251250046559,-73.2703244722354,008
-18.35505844987576,14.587746953657701,-65.87057723585869,008
-16.44513327929361,0.9772371207400898,-54.61097522776707,008
-15.447440592373976,-8.392455925828544,-47.218900662099934,008
-11.186961657820554,-9.612842976380726,-38.76684853054613,008
-6.1030528083316415,-9.324820928255582,-36.095902748726026,008
0.09084861219287392,-12.257678007472194,-38.289430919697615,008
-9.770746747033431,-7.236037369621385,-50.98175438267583,008
-6.11923443537867,-10.635153724457734,-52.59636821818775,008
-13.260966420079763,-0.13791643198311415,-59.14353514909706,008
-10.090477844208777,-3.5863553065103972,-63.45502827687197,008
-14.563402070860377,5.967903383319021,-65.1832934472699,008
-10.608748940163824,3.5787455523603082,-68.99843792019281,008
15.141456339636942,-6.6662280332325885,-87.70370384432374,008
13.113295928490032,-17.37029313579022,-71.59736821746638,008
11.818179187387914,-14.057639264769731,-82.58982162207494,008
13.016599048895458,-17.248309509373264,-77.04806389022403,008
12.972611561019907,-10.276434533704412,-86.83907018440082,008
7.421810533146382,-1.9752858151837434,-85.88690298741963,008
10.714287198499036,-16.783586760734433,-65.68940796700953,008
5.049397022486678,-8.429316068591625,-85.69494901908699,008
4.373769299044827,-12.906244055848099,-79.0124438981057,008
7.0049260603472865,-15.301916152719935,-71.95466135150836,008
-0.5659893542321944,2.7956519658537933,-83.82092395621162,008
-0.9602143158856141,-10.650724903414469,-73.44602028444044,008
2.2759298714152125,-14.056053178918082,-65.34808808737144,008
6.813504011164054,-19.154516318861393,-54.83403413113704,008
-0.936395947953379,-4.024910376089258,-79.44259853165573,008
4.1002973383329575,-15.652047020941728,-45.881494895151974,008
-3.1005612212896856,-14.00506560137393,-58.23242705807206,008
-6.043869781067682,-8.554943161571392,-67.23439778267807,008
-5.976509035808874,-0.06400563129277917,-73.87265070138731,008
-6.985359907617303,7.448707218407609,-77.75288750849431,008
-24.33986376871633,-14.414103125242265,-29.454438009585605,008
-10.473877904933193,-19.18081256610564,-17.20991244725987,008
4.024370119915771,-9.999814291200972,-14.396766132689592,008
-7.480052994066737,-5.263501222755163,-22.94328699558696,008
-22.61152064135413,-18.812941814188726,-22.345648251253607,008
-0.4491359418039203,-3.593868977026064,-18.71649837226837,008
-18.447526340691628,-29.888028420887156,-65.73484343866409,008
-8.396381137207262,-26.555134412238377,-74.80201840622384,008
-27.18662290990017,-28.65305812640244,-56.65690422419155,008
0.301983607806584,-24.26679479008277,-80.12549471970824,008
-32.354110907310705,-24.569896101001017,-45.311421088160955,008
-42.343780285029126,-23.02788667327924,-60.632646835837534,008
-49.37179205677911,-11.428000655673745,-71.8948413708937,008
-43.29956309960675,4.180357386711357,-79.33473307152282,008
-27.8137042530154,12.002492534764766,-81.74783313292833,008
-8.452219821737888,4.4329784917898145,-90.68981715801362,008
-19.43018438939654,5.921883714421138,-81.16709096782701,008
-0.24449048862808276,0.10309988289549739,-97.72743752739302,008
-36.30100562954285,17.899060240974055,-77.30960080205598,008
7.905025103636519,-11.92800064885597,-100.48642663346618,008
10.204912633796273,-22.726628671786386,-104.4406782821633,008
12.035839695935747,-23.512552036245975,-91.67344784650442,008
-34.27999419357758,15.248121935500869,-79.32571302418336,008
-41.06295030561328,-19.437041160977923,-55.387785689960026,008
2.04556492952318,-23.50343153030351,-73.87177532793189,008
-16.482132258310692,-10.881042770401255,-28.944603718768164,008
27.669728498481444,26.428460063254466,-87.07187164100245,008
44.467683965413684,-4.667861958737948,-40.5975189357432,008
52.705634945144695,24.721897335371384,-59.25848493535334,008
16.786502798281056,20.652246962622943,-87.34734506374646,008
43.367714226078064,32.217742485893396,-73.90367675828536,008
45.861984454047395,34.117938830956845,-50.076751937057836,008
5.360876498663981,28.890650905182348,-84.73588757794698,008
34.713552107447384,43.49188087723863,-64.58294809266286,008
38.309985679062855,5.005075481589505,-26.99333095804314,008
31.60825967755632,12.663158809713945,-86.18380944833237,008
45.578130278533884,-11.082900524149995,-49.6711043665216,008
51.85845704133568,14.40335530672425,-66.08329430154642,008
22.214498451485674,10.338424709013793,-89.70365951020959,008
42.70037831543124,19.87171593852647,-79.39521576270172,008
49.624796409462384,13.835617654578877,-47.389387494780614,008
44.82709049701896,22.37413565204295,-37.34719974858279,008
54.39983535234101,2.066301186604239,-57.1901180654343,008
22.09905154169741,38.128166918920726,-78.78265044982942,008
37.23239159689333,1.0592564892145735,-90.78597373738808,008
47.41259170414083,-19.06965337306048,-66.84131994902546,008
48.90962058929557,3.5507807744084587,-72.97408365826067,008
28.043325863365173,-1.324510859707613,-92.86546195685479,008
46.97574883864697,3.593509974039157,-85.81074835414171,008
53.36068231658187,-6.687003602000605,-72.31613850988768,008
34.12405916058322,-13.688895654782446,-96.4857304989404,008
43.01184931833342,-14.100868115213729,-99.89910735123462,008
46.34873562087464,-23.86834868420153,-83.34534687044426,008
44.61724318773253,-22.391746060542612,-95.53969533635085,008
52.60947338416787,-13.84959567617121,-89.26340510356324,008
36.01273977809673,-24.70113390413739,-67.1517226892848,008
30.062609526700072,-14.087364750473043,-39.623513891956264,008
24.887983755831495,-7.493144210736377,-29.287984821560645,008
33.682820301156845,-20.915538592962704,-50.96943508566268,008
9.462543026587754,-22.748323740101466,-70.5902495746151,008
2.088514835354492,-25.57188831535399,-49.6717772457224,008
-4.9070866303096174,-13.774263409867723,-99.28350811148304,008
-12.586442373893496,-27.543427275169684,-58.39271742516627,008
7.82774694383287,-22.474026847567448,-81.54208395028446,008
-37.974398583481836,-3.490550484358469,-91.52577067079895,008
-3.2353788368418224,-28.474364821185933,-36.245996975393346,008
-18.308880918249113,-29.612371182324285,-44.9474522146255,008
-38.15372447665579,-32.604189000719096,-69.49475420170286,008
5.797798488168054,-23.693315567635466,-59.768035137977115,008
-4.333076754546301,-28.90298030120119,-67.87569414378233,008
-26.254283165558626,-6.786069495920671,-94.30975185654198,008
-2.7937601465570787,-28.72257927062011,-89.55163161987616,008
-14.358732729627917,-29.270026241914472,-82.98425604541359,008
-13.668619499672586,-9.236202669313943,-99.31622720968804,008
1.8101467628086279,11.727574167909209,-89.56344804501248,008
11.54201753270904,4.347802973886014,-91.75837822717494,008
-7.522529825306169,13.013955920640116,-76.51672598799885,008
19.394143927043157,-9.0682771237364,-95.34549748651993,008
-28.76996912415558,-34.3636589691689,-76.51024806219347,008
10.000187262087659,-21.08366107247422,-47.35680075701252,008
-48.96434855407305,-19.928580099142653,-86.35773078979702,008
11.609576200409789,-16.263052485879662,-32.59816226764444,008
-19.453669255252784,-21.553668934683575,-96.30471851035317,008
15.614683035307012,-21.383605961065303,-59.31329894125807,008
-6.993675697868735,-22.05602130092603,-99.24467000760622,008
-37.01105200089112,-21.15186127121919,-92.58054278645513,008
24.61642869586519,-24.646584942811153,-92.93111360837806,008
29.157374568361167,-21.418704415411476,-107.88272494372347,008
-25.20518784914119,0.9369179792824701,-50.01784996176626,008
-5.472255956074907,23.16127588458292,-24.04234197674153,008
4.557962184103642,23.70365936731259,-21.72701952438126,008
-15.672750402734414,24.61687452928173,-43.32033036461507,008
-20.985754054275233,18.55804587944253,-57.556580497750524,008
-5.298819536588952,21.739312604355387,-23.99786070711355,008
7.244562856620964,15.913824798145269,-17.64782745708908,008
-5.471444149886114,2.894422382091731,-12.598632553702386,008
-21.619623226143254,9.112758386131201,-50.161473321541756,008
-14.646948298970917,23.963386753064835,-33.701172449092475,008
-2.442495225382589,22.64903051936606,-18.235454949296415,008
7.937176326838005,15.761669943143273,-13.193867773335965,008
1.6835139188768173,2.7606902508658573,-18.514087370381052,008
-14.001887327304663,9.250061079006933,-31.223435755209994,008
-18.604018527822856,10.872469286245474,-44.235981555612675,008
-2.0490522217947325,4.388545265104789,-29.20211269856794,008
-14.344702526205944,-0.3489297426806717,-37.277373883444035,008
-30.85976705792569,-3.62494524943861,-52.72993152661341,008
-21.736564336466117,-4.794062305832471,-11.399242594205507,008
-15.058636763744905,1.3800304456620418,-13.706439750106725,008
-29.615313009907897,-13.171059000094349,-43.393055402232285,008
1.3131018048552179,-0.44276866662905406,-11.105513987691861,008
-13.329179423631633,-2.7030067780939304,-31.938784180978125,008
-17.996981478740665,21.06025552162561,-46.981087669499516,008
-19.162708894324787,17.538474325730636,-55.159099255208396,008
-20.397258975032926,6.07935453253835,-46.706164411093646,008
-18.051431506024663,-5.035685616105594,-38.926032566858005,008
5.289675907143234,7.854910889756683,-24.403174527328467,008
-11.530087826255137,-6.140563956136245,-31.299240565526066,008
-0.17213873155323112,0.8576473747142247,-21.543625750931287,008
8.968976199488628,22.557814954698657,-22.258574068217122,008
10.844947280343014,14.924887350270595,-25.03647813912489,008
-16.665866860889835,28.972507965095996,-52.74863884629557,008
-21.327232411886808,24.529237583566182,-64.93414129309008,008
-17.702786552226108,28.599086639839534,-61.040664191019324,008
-20.25505309821909,24.544441200468274,-64.64769596943682,008
-25.982556423010358,24.727973441754582,-71.52535785303297,008
-13.432983664259792,36.8707781010926,-60.74417362686405,008
-20.557182120037293,25.792405264712396,-72.40373261622078,008
-13.169787574841425,32.82342324504666,-70.20352101319762,008
3.1511942493206893,-10.561621095614798,-5.6700140471143055,008
15.631230195798837,26.832995933522522,-20.294655124352204,008
27.668450336355637,15.419859748176908,-24.475724174273186,008
18.75585890052743,3.4787199783534235,-23.334247322087947,008
10.69706839311223,-7.960769491967085,-18.816773784513906,008
-6.625563984678879,41.52275116310649,-62.7252362353658,008
16.236595197897355,50.49583081867549,-52.422357450360195,008
21.262561484075515,47.498732124341274,-40.56563353380446,008
35.24075303629879,28.433239036315825,-28.620619939967682,008
33.892343345104685,43.54354990501992,-41.39138863184214,008
25.355220642175002,50.266365456642085,-55.70383945391805,008
-4.002039242958538,37.27063272867244,-75.85183347299181,008
2.112038150115987,47.413107704719344,-62.182759459651514,008
24.33606065495911,38.18799751985574,-25.910071383956353,008
12.006552467533625,46.89590956935641,-66.42945601391747,008
-43.71240445149359,8.609189506117165,-78.68296191767938,008
-44.372004415018495,2.2835689169436586,-85.0836577127296,008
-42.95449931231647,-19.913324159424622,-54.09647619290512,008
-39.96350594295494,-6.627313672145199,-61.529539534546736,008
-17.409545869134114,20.33127254327504,-75.49491535940913,008
-57.28030142099279,-16.787290629387513,-80.2532669447655,008
-46.024908816648555,-1.9645900395904343,-70.94221489982249,008
-18.24972732935594,-16.658513698648036,-4.220041845876731,008
-7.655635273096594,-24.76799886640231,-25.794080712307686,008
-23.00159922513556,-28.802137865638304,-35.361899585179096,008
-23.937324907072252,-10.867410747499463,-9.217523942599943,008
-8.681649828688348,-20.639734566121632,-1.0448194867740348,008
-25.466294062895074,-13.718902458225019,-29.674689759435523,008
-8.314902073161004,-4.659867391302198,-24.585677249592855,008
-16.66072585991327,-8.980967078095997,-28.873823223887875,008
0.23962296960772642,-1.8827765557370117,-18.127031729132778,008
-11.250942311063714,-22.808445133542808,-15.05820213668563,008
7.071564087867616,-10.132053889722231,-13.12223987175827,008
-23.807507933173472,-20.011563601683925,-21.696833971512643,008
-30.874748620591824,-21.01143299794426,-32.16265884239261,008
-46.17616829451958,5.001695213157525,-80.91471485261876,008
-51.567784077576974,-11.908127866227074,-71.70009977848022,008
-46.14443280100895,-27.167472848616207,-60.65210033366765,008
-34.6680828021648,-27.646216235654265,-44.73175890037055,008
-28.77472708190876,-31.87578763107228,-56.55758072267654,008
-20.19391392267713,-33.74629842597956,-66.24592256900263,008
-9.46226658238881,-29.550981084071605,-74.95817983126094,008
17.02191663936245,-22.322384906705707,-80.440919202242,008
-0.9951939954905971,-27.744051422580284,-81.39521895804782,008
34.34454162354752,-29.27811388364443,-80.57466526210207,008
31.674698904479097,-23.532285501102606,-92.88455452799047,008
19.294948919155424,-24.17822920492829,-68.45819090940913,008
-20.32391146953989,9.728482777404263,-85.07176050764414,008
-29.220954099097057,15.36371550812028,-85.43576877277167,008
-9.436726937099772,6.468185734035994,-93.48421940285787,008
-1.3874815263747793,2.889808712125649,-100.4994880098163,008
7.481078037908373,-11.57369017206362,-102.57695958558675,008
10.752120062875674,-26.887359668201494,-93.81939225459895,008
7.714802217053298,-25.325687509786214,-107.28128543871613,008
-37.28714286069591,19.482724621706083,-78.87224978464272,008
-35.26453936270694,17.424560966788892,-81.53402434666421,008
0.8861890924280132,-27.100433376778494,-74.14707698781937,008
