x,y,z,Frame
37.08208206181718,-2.9369994737115084,-94.49567169495927,021
-12.541835675708592,35.98208092633355,-51.697738483616426,021
-9.304665042113939,39.17266967101324,-53.38562415964019,021
13.728358667150857,49.079309702649546,-45.815064647546336,021
19.938962050877777,44.72847600916441,-34.93651678954437,021
-11.57194535507344,20.780791125036227,-23.242087255776543,021
36.85030643558381,29.732714474387215,-21.379058114381017,021
30.677346379011077,40.60273990703484,-36.31121440398502,021
26.91670299270716,23.63675816057773,-81.55367328176816,021
43.38277727771899,-18.24091951819798,-71.34235705684277,021
28.45938144310387,-22.49573752277076,-96.38280873392651,021
41.498725140250286,-5.453569029635716,-41.98407719994697,021
48.18476085410505,-1.1656000584882786,-76.15670400833419,021
50.198490229111314,19.646618385117304,-61.046808587805394,021
23.3973447909213,-6.482162958621309,-97.81924947283463,021
11.610685552577662,15.0380499816029,-87.0673488614608,021
25.087563385250835,46.522506011946724,-49.23887588500813,021
29.629337743701317,-26.338390586210018,-87.46448468020031,021
45.51039743519233,-2.877278798765824,-86.47904716315504,021
39.93300247310247,23.01537850089434,-73.5508243945528,021
-1.0475849848726295,20.806544402267722,-16.771357248028195,021
-20.00331844427451,24.403290670779686,-39.30527187109366,021
-11.293016053317567,19.25966312945988,-21.68916298878959,021
3.0535799724708914,13.325298651585612,-13.7614378799822,021
-19.114162842531908,19.505877830491343,-27.621642237770615,021
-7.341201195413824,20.104814720421025,-15.188429487997057,021
1.4828467993935879,14.310693272277204,-9.965362738506808,021
-1.9234429348649604,1.8968684462286212,-14.361164927999628,021
-16.17248639756523,10.103516908250924,-25.569976214118466,021
-22.450159317387502,10.7598460020744,-40.4711183435486,021
-4.086633186906571,0.7144268364881854,-22.866832730684674,021
-18.872346181268703,0.3265619229569121,-34.925737329050904,021
11.103027622712188,29.042822027299792,-16.491127902059553,021
27.37354590166927,13.592313236109494,-15.909859801516323,021
-14.9083461491883,-1.473848240020612,-26.190184481285318,021
43.74832434388196,30.0445849679275,-48.844819643216816,021
0.13324859956974047,22.413037041760134,-78.94946494871625,021
33.2953357755302,37.274625378779945,-58.62038584235352,021
40.26595762717185,-1.6544883456046142,-29.192164322355975,021
32.88616130861661,6.466834263544866,-85.07672695114762,021
44.14654515609946,-13.378200789062792,-57.42887151405992,021
48.73394448917279,8.432803215635094,-68.840845257599,021
21.158389276804527,3.2730033264444844,-89.44218537100546,021
40.09395456949421,9.947119620674645,-77.03726527744911,021
-6.8649266607842465,29.686554146481374,-72.30555490308943,021
-20.954603950390894,22.367319082766375,-43.88022278495437,021
-12.894855241040188,27.368530648454684,-65.72737809394332,021
20.02817511503925,3.5904617381783526,-19.7272893117265,021
4.024538398197077,3.9994674212624215,-22.668807960945838,021
0.2354723873348312,45.10416814375752,-53.872744929704226,021
49.1131185343209,-9.932710497685482,-74.29274476053934,021
50.51995906132364,9.192743283478498,-49.99604284537001,021
18.303755770082653,36.78680533354759,-18.403480791737163,021
27.106841043818232,-15.578195625223337,-101.49361003378789,021
39.74335333653473,-13.473916866628407,-103.34055749339988,021
44.50150491208878,18.04180677452456,-34.393233106712486,021
50.88558850574057,-0.7342876951612213,-63.799419553802565,021
30.10166081447783,-21.97003179758039,-73.96687818025917,021
24.97935659485172,-15.461724512707702,-45.756538046703284,021
22.402022523100666,-10.058018775393817,-26.39291388524536,021
28.794172066676477,-18.01154879948325,-60.12607970126922,021
7.1266179376086045,24.461623726686774,-15.827822793712727,021
13.013617203025795,12.480523238037588,-19.629598794381717,021
-17.3273474026472,30.223846159998057,-46.69098551790875,021
-17.34993293897347,28.616284604613007,-54.538282447250474,021
20.539201079091633,34.03403133801577,-74.39021857938496,021
12.840798783943676,46.10604880108309,-61.20053441191237,021
40.82560811257469,-23.997523753274947,-84.54761705249025,021
39.04223551967565,-22.021385366387342,-96.41746416013845,021
48.664967183760595,-13.720112405748905,-91.56841227110955,021
-9.282122751474732,19.679525952280496,-69.53761874418736,021
-15.254951799954663,16.559998923051428,-55.70855746863696,021
-12.826662693344176,20.93629014681878,-63.25468423959979,021
-17.516678056211514,19.5563965669254,-59.06504385706322,021
-16.79990978934986,8.527664197190017,-48.93907055170288,021
-6.124578453273084,0.10437345547659696,-31.980063278325904,021
-13.480331176071171,0.6307614327646122,-41.860121972417566,021
7.9297623806408986,-6.349380125147331,-32.68231824725654,021
0.48157185409144787,1.9367606008229463,-34.010982769393046,021
-5.371224096088425,-0.6370017434206667,-45.398460559269644,021
0.7586815285789065,-3.623028773274106,-49.66165417479381,021
-9.40630566501411,6.757509703005305,-54.67388917619515,021
-4.301123380738735,1.7882051969331103,-59.2485824755972,021
-10.332479664887423,13.063765052194112,-59.080287974347335,021
-6.556749339204987,10.258539185697378,-64.12282401367194,021
17.462622586616828,-12.972319320834503,-84.27258200804137,021
16.208576541336868,-5.680069338947362,-91.77904969503304,021
20.720287199044886,-16.727153651406546,-79.87975932690942,021
17.60855244946595,-8.728784243731056,-89.4176182827146,021
22.485717579620584,-18.1126018354715,-73.43197941519485,021
13.620391340987384,1.3459436723769478,-84.97951165899184,021
19.28348079143026,-16.304918416604426,-66.44468167133061,021
13.520292605391468,-13.147933684317385,-72.220522512144,021
10.159791971888747,-9.499073574908957,-77.37673651711673,021
10.205233037820262,-5.162839522173835,-81.92162739845458,021
4.886868957310265,7.452415603071003,-82.23948870536445,021
4.957628755788307,-6.844776613183343,-72.8092107360362,021
8.121958310511191,-12.004111304772053,-65.03338440704538,021
14.109242912289123,-13.841316980169287,-53.23546741131586,021
3.3637592025618193,-0.459663430872024,-76.49475970847368,021
11.068656600810852,-9.75290685383817,-42.38470090722069,021
5.553139601874,-8.169396947652883,-56.02780425436485,021
0.5909294874501734,-2.7501429169643474,-65.79910393122962,021
0.3033722879955171,4.696127929708072,-69.9415226494899,021
-2.916898880218386,14.47081223377292,-74.31440484198421,021
7.886697321003308,-23.012570801461706,-77.28838111821985,021
-32.51654523680897,-0.006496241723286883,-45.516736086898305,021
-59.709545335636726,17.088609365937376,-71.89023639953578,021
-31.476126666037796,26.589929650677025,-67.69200014373888,021
-61.742990621325106,1.5923561570524716,-81.13804298836021,021
-0.01894585448196753,-26.101408097139462,-51.56448790224448,021
-14.744625754696864,-19.2331937472759,-104.9554149292318,021
-23.36617072816764,23.16053361410935,-69.40850155523809,021
-15.87362241987727,-27.260652453325353,-61.73552376475739,021
-25.09073748254648,19.67361766603901,-55.08764359289693,021
-17.87593338470835,-12.320641750168473,-0.5637054812912063,021
-1.7814167917274961,-8.804449710022475,0.46140380901214517,021
-6.4133990193636485,-1.6413757176189723,-6.342082200354717,021
-26.780809110411813,9.008411414068245,-47.54799517104147,021
-41.993377634462796,-21.34950429493285,-26.226508270586432,021
-6.29599506095173,-24.227927283173052,-23.88883485575202,021
-58.623456450225135,-3.3149997669878717,-57.143064545281305,021
8.100285535418045,-24.86238587696252,-89.78407213979453,021
-42.69904082097347,-4.290602678992883,-46.936620440868516,021
-20.90442780113147,-3.557082573625896,-4.3445442554491205,021
-13.1629580223291,-0.8930161361214968,-8.114892830497723,021
-41.18205993013032,-14.216771118745685,-38.085672792385296,021
-29.414381472332995,-26.173761947121946,-31.332038045519138,021
-25.269325623281155,-8.063498806643851,-0.09429612331066548,021
-10.099800918901115,-14.1793874929053,3.290901373799334,021
-2.4732905567790997,-3.6837829538621936,-2.927459603084167,021
-50.46823648884666,-4.481382167362947,-91.90793221952202,021
-5.841377571812429,-22.34476410902712,-38.26998063910835,021
-25.246340000600803,-29.229195398519227,-44.55212127807647,021
-50.43052119577707,-28.645227880817032,-69.18802603472747,021
3.2745010991933956,-23.964032982300985,-64.97154495585877,021
-7.044601336980832,-28.557907797646244,-73.08613032138362,021
-37.83174162348697,-10.025776231723977,-98.79588922943135,021
-6.1318486748924705,-24.19538890178714,-95.35254081303955,021
-20.28932001167382,-33.60793818534544,-90.70246809538894,021
-21.602354686418437,-13.630352630051133,-100.04319329618487,021
-24.029468938249035,16.91949868671757,-52.54060396198449,021
-1.0370840835056874,9.0313281572757,-89.11131710404601,021
14.065795482375604,2.629048845094977,-93.74151442790246,021
-11.859918625397984,14.847711630197756,-78.6973580157561,021
-19.606386212564562,23.74137453374651,-75.51672467205516,021
7.248057918903855,-13.234389416799678,-105.37768266655854,021
-37.22245044287562,-33.325861192982714,-82.31486380539735,021
-25.63071969998836,4.860802314172786,-43.144504088481476,021
-24.34472393468563,-5.188570406973803,-34.602980055310454,021
17.30014378558578,-22.359383498907615,-78.22903943216174,021
-73.87447893779294,-11.207569802848191,-77.55740914993694,021
9.242659068333236,-19.968377655442875,-48.67314773279248,021
-63.636488343249084,6.158282712323258,-64.56183034506392,021
24.230863539621772,-22.771054872325845,-99.49139442755279,021
20.541663158835533,-26.276122809357716,-88.85746384729276,021
-62.282864728934925,-15.463297851765349,-88.9916790819568,021
7.91759756439271,-14.23394401453386,-32.17195716180239,021
-27.672626646629496,-25.185750810177154,-105.15686479593975,021
13.087329916830305,-20.43432233660593,-63.63627818295206,021
-12.855631106116954,-22.34536559044061,-105.1553202268901,021
-15.366679207055025,-8.452122952581576,-26.064787007945093,021
-47.85731938571128,-23.78433132833248,-101.28360289493743,021
21.75082222539629,-16.309000738738685,-108.28587028382563,021
-0.4059611101436854,-1.2137236585173519,-17.090075293662107,021
12.484702507143252,-4.227299312077583,-12.810103498677154,021
-26.05347036208448,23.180682027671377,-62.80919774851439,021
-23.65798139377767,21.481986422981617,-62.06649469287485,021
-19.915358718260425,15.821073254484753,-68.34219034540759,021
-22.89548275457427,12.710120397063232,-58.97030504412021,021
-18.625695653889174,14.178701473310126,-73.69140011866433,021
-22.851653983647346,15.675999266969075,-64.03031626195506,021
-21.994284883754318,3.206423338168076,-50.59948639631794,021
-20.268351868755506,-5.517953920704204,-41.32283847205537,021
-16.300074577057398,-9.424752019773159,-32.03011142456651,021
-8.304709659596053,-12.077325391781617,-31.30967840103843,021
-3.5738728434380844,-14.082920656585022,-35.96623855123373,021
-13.841846656456639,-6.620532604237549,-46.94371322858695,021
-7.659116962436854,-11.137573790407298,-50.79853007069087,021
-17.166129278120717,1.9799096019298246,-56.255777160708874,021
-14.331839649569126,-1.8972219218858353,-62.484828568284314,021
-18.245520453702344,8.049806283013952,-63.06042291046774,021
-13.524191713102166,4.62685183299673,-67.56801881899993,021
7.388725821835406,-8.509527732930254,-95.08104391938859,021
12.611059796135198,-19.75999234218729,-76.72992251814112,021
11.525601404990054,-13.329094419477205,-87.04244706178247,021
13.1046838193149,-19.42595302143581,-83.48455744942305,021
10.19624351333347,-10.999041708632014,-92.77848968448333,021
7.66705079854153,-2.7186546815497903,-87.66913357110921,021
8.584483697172113,-18.59296108579384,-69.29819999767442,021
3.1613559146440062,-8.528205272117091,-86.86079524710976,021
2.643613248427202,-12.616295824202009,-81.65996456267287,021
5.7611415460349935,-16.115996655286768,-75.36381051782301,021
-4.135139369676041,3.0936336750585265,-84.61960983459188,021
-2.3601333179279966,-9.81290352715149,-74.68149822661897,021
0.16869663695781661,-15.175334133715266,-67.73410665789223,021
5.8890737077714155,-20.746647663984827,-56.09485324037858,021
-2.7169944990475163,-5.33500466025183,-80.3513379522652,021
2.742766072264273,-18.370699312528323,-44.49878800284157,021
-3.05645795150335,-12.34207813072627,-58.25321921994934,021
-8.10902463285182,-7.32518190668224,-67.68845723105898,021
-8.241672559791477,-0.34426479712557245,-74.2230314033702,021
-11.196243988406438,8.27699206239809,-78.38222924602582,021
-34.138057119549444,-14.006188672114257,-22.40727036358553,021
-12.243604866175758,-21.064963860449645,-13.958763934807239,021
12.942366655808932,-11.758205938638127,-3.4847456725014623,021
-8.89032253212408,-6.449680406773466,-15.950651232834058,021
-29.311695292173034,-22.332756911188927,-18.629073007453275,021
2.237947504146621,-4.945015980778188,-10.794002422195591,021
-26.35930887255885,-32.17191970954348,-71.248438290146,021
-16.025653870336313,-29.37425473125616,-81.00869649357922,021
-38.68856226580363,-30.100271958925543,-57.46588784360562,021
-5.295255143560161,-26.13079422095225,-87.16239326837672,021
-45.86679445250472,-23.19983541510401,-42.4498364064437,021
-66.8225781515524,-22.787333584248476,-54.757059690944374,021
-74.46489561803622,-7.332917855311886,-68.58509320624705,021
-62.22402861445416,12.03190795480075,-77.26771041097098,021
-38.484726818725534,15.068462023231229,-81.45014537187667,021
-15.000890245280152,2.2060200565350407,-93.78504852161394,021
-29.988477627921814,9.798755288133375,-87.98167975303883,021
-6.947526674474866,-4.735995951574289,-104.25791515036832,021
-49.61270532261841,27.902161318273055,-73.06682425105045,021
0.22209502376578724,-14.114020235151614,-107.20990341675963,021
3.1583334268470287,-24.272849812897572,-111.34582285380762,021
11.411682875703251,-27.261299336508753,-101.97193383735964,021
-45.651879772421744,20.82754429370382,-76.11045963657146,021
-64.010945561358,-22.069794443791267,-49.2097139471505,021
-2.07485424978156,-24.620048953014475,-80.76471356830196,021
-21.68583852719539,-11.747551511363147,-22.568227685254968,021
29.648799694766755,27.996791146424272,-86.51039800032298,021
47.412850341887406,-7.283773037363329,-38.13107962126421,021
54.863855951981215,26.86146173093781,-55.336851585689004,021
12.081115532107805,20.960796535503558,-90.72302466044599,021
43.66293499074434,33.39538555560403,-74.76141968191,021
49.74595347116324,31.83304432250857,-47.57949493608541,021
3.4442391967792743,30.28194766016738,-85.91934230735004,021
39.76906658898315,43.77581646794758,-62.62689449085663,021
41.38644475267197,2.473699155574764,-20.724590723435618,021
33.174168581352355,10.660633683345708,-88.66120243335001,021
47.11014046252177,-11.811419411102298,-51.12286013217554,021
53.7673032470082,14.187862337983361,-66.7816543294455,021
21.74879271049787,7.766736776864651,-92.44451901700452,021
47.483608189134124,16.82471607180752,-75.92131020883272,021
54.9800279891865,10.116271274803639,-46.503662383210354,021
50.62491441555957,19.223924923163572,-31.137394624010653,021
58.152085493163135,1.3905104090101117,-59.47084761137642,021
21.34673705713782,41.60390391151721,-76.21149876588078,021
37.188865997745644,2.1073328137972904,-98.62374977312815,021
51.676982847211676,-20.44334229531227,-68.67914844554228,021
52.24629674448697,1.3913836239721824,-74.98771071850415,021
24.6173831849523,-5.094459465335224,-100.26750162947425,021
50.06486454469621,1.0953873141846324,-88.49501675770289,021
57.386915257344036,-9.401312467653645,-75.08097599922705,021
28.609493118716582,-16.178286127430027,-103.49239094443784,021
43.12379618585717,-13.717911252225644,-105.93137511985879,021
45.9795146635458,-21.97593021810142,-85.36152123099983,021
45.380988767436335,-21.273444671724704,-99.69772701802721,021
51.65168498725698,-15.136381832337884,-93.82955216583069,021
37.53835576053892,-29.27997417875102,-71.3808940155619,021
33.40196359486102,-17.619856027641735,-38.2424009183881,021
28.75282650142002,-9.850260139109876,-19.740406916441,021
38.71280426295343,-21.90780084353763,-51.15951208574486,021
9.077420291312823,-24.45169152601605,-77.27898866772829,021
1.7000976760296393,-28.481010260094987,-50.831700402778274,021
-15.672805490121121,-18.71194209643997,-105.83432759407214,021
-17.981682950357264,-29.704669251092678,-61.5934856589972,021
9.15304828361871,-27.7440981796705,-90.5741004049413,021
-52.68133523070641,-3.7165970939259605,-93.73515284642355,021
-4.846500221319137,-26.105257763844815,-36.24341900142118,021
-27.313708967420617,-32.32574228287371,-43.768368321406044,021
-53.71228437794822,-31.15934182698317,-69.66389269087361,021
4.816855195895762,-26.64587729303625,-63.1626304833106,021
-8.506649370582076,-30.844371112858507,-73.42883866513458,021
-40.07453404310725,-8.346084216319872,-100.61368231739863,021
-9.013397969938444,-28.33904914299366,-97.01156104327718,021
-22.884047778614587,-36.44997361746187,-91.50364997452915,021
-24.073035663038937,-12.733236492652818,-101.82897598799855,021
-0.7183459032336453,11.269405983657272,-90.38427786235171,021
11.804178412347273,4.383404954004948,-98.00018675156026,021
-12.576066681727188,14.367308812262694,-78.60936132524796,021
6.590898718003293,-12.590070243878342,-107.19415175183978,021
-40.082571670899384,-36.151124659154355,-83.7433813979338,021
9.16036288382621,-20.51256749695941,-47.96235834699964,021
-65.31246459303098,-15.493242135730833,-91.05169629286185,021
9.022733385300693,-14.599162820818375,-31.83205291025286,021
-31.60073242864592,-27.484938370574774,-107.88879424193507,021
13.278528877415464,-21.977895371950066,-63.4541855447817,021
-15.659046557975381,-24.55633578299908,-108.50160534173595,021
-51.96726453149021,-25.088912841509778,-103.63942622586839,021
24.015401631525744,-27.013484229686494,-101.25419352143257,021
21.435866102260473,-20.6918500953071,-115.64827259037197,021
-33.05847440535268,0.18872702329970553,-44.32761766118581,021
-10.298754458972773,23.22733624489028,-18.33631465487676,021
1.4647116542896808,22.415696141401913,-12.608333309888557,021
-20.83106931092039,26.255201811499276,-37.373445249448906,021
-25.360545489855646,20.679172157811614,-53.708171439707414,021
-9.893882372028388,21.597907324123586,-18.53928729506395,021
4.700580505139925,13.62712901958054,-10.288416455172294,021
-6.813581094670362,-0.3250955589192755,-7.179889144308767,021
-26.705751327469464,8.685904326701912,-45.71366327452743,021
-21.456910864371984,23.307339343553142,-30.002460962897874,021
-7.688290367801321,23.00054829696542,-13.943931159971584,021
4.24760761317485,14.1326359132402,-7.641617625934124,021
-0.9592599461749531,-0.36078232768179735,-13.163763039819562,021
-18.410901544416618,8.246321224183362,-27.030841244847455,021
-22.833882087341973,10.364620133086886,-39.250410250422334,021
-3.1600992572637234,-0.21791789379773693,-21.413554842721815,021
-18.67129014679093,-2.468496443544395,-31.76558776376634,021
-43.37802349180942,-3.7981740822596777,-45.435477217042504,021
-22.951635058058372,-2.558645817948272,-5.839108605507654,021
-13.130256017119626,0.10540174432585507,-8.103868851055063,021
-42.80534440512536,-13.280438725675385,-37.196580908841376,021
0.25327519107543317,-3.5153454578297447,-3.469910815359776,021
-17.844626135679853,-3.9863501014523086,-26.72238820948339,021
-23.167374133904186,22.303131925708968,-42.00117343937926,021
-23.565263161330982,18.907674342170775,-51.18075455385854,021
-26.127198284282212,5.587914734582888,-41.77036897820107,021
-23.783997483340052,-5.12066813254019,-32.381466112263965,021
8.080293787576826,3.3693393353684633,-16.517705142695675,021
-15.053496353090237,-7.003272315383124,-24.026721963360703,021
1.5969056415631273,-1.1434790708064062,-14.013785257480356,021
8.533896031094475,22.718711203766965,-11.773190580849624,021
12.78707024255771,13.111242158497648,-11.09627506261291,021
-20.327349586862688,30.37447425298651,-46.90671375268,021
-24.674092917265895,24.39012098846283,-62.73359909994794,021
-20.798299677641012,28.53243046727597,-57.38940304194163,021
-23.27184646598974,23.76845050125251,-62.58998947925918,021
-31.23522042491745,28.2898892630003,-68.06219133727348,021
-15.866463531757061,37.771915976844895,-53.65106263439012,021
-23.223744224619313,24.75685203456752,-70.76782743232317,021
-15.218018857219079,32.25449365895839,-68.39406725314164,021
2.9949405021137347,-9.721257059191327,0.497706228587171,021
14.833766902398017,28.390389276116345,-9.548714115063243,021
34.508226542590236,15.43812494589348,-10.21460635570722,021
24.890063886716305,2.635365582961395,-12.182979519547366,021
16.608298942299008,-3.6716701885028638,-9.006057764692022,021
-10.139175274401328,44.84041836506474,-56.496314393080496,021
18.5100738276079,55.50297784891088,-41.848630694328456,021
19.057571126822577,48.9133128856197,-31.965225627187674,021
42.21766493729412,29.40229038100214,-16.746946235194876,021
39.43462316020844,43.71982491875623,-33.32864807869346,021
30.24156586714725,54.86425682684594,-48.779973852622724,021
-5.98400442782523,40.29598374921042,-76.92297679838795,021
1.4867498186278503,51.75404665268491,-55.33039238668231,021
26.73006927660955,42.595759119322146,-13.85691740423011,021
13.459614524623115,52.610787268827494,-63.32152656030697,021
-62.746717430630014,18.763812982942696,-73.3199386037724,021
-63.90993208395332,2.060398923860788,-83.22788612782686,021
-66.99187080039627,-23.03327132630295,-47.804403343754075,021
-60.33019635546862,-3.330705069729444,-55.25683017726831,021
-20.631280999059626,24.064470002943057,-76.48680115646555,021
-77.8331754142407,-11.738165831478007,-78.96264590938112,021
-66.82984460824093,6.721545175782577,-63.3977737349447,021
-17.899233028721667,-14.682598394676148,-0.1088207280863543,021
-6.898492856584179,-28.291226755095252,-22.855399263376654,021
-31.571919867810994,-29.123074577625353,-31.169244600507454,021
-28.902494754105035,-8.134004184660412,0.02704956855512816,021
-10.57289402113461,-16.13055671175942,3.539780548895834,021
-35.516642175727306,-13.109507224946098,-22.437961681995365,021
-10.227560588058253,-5.99012381735038,-17.584455575628557,021
-21.602388291310664,-9.787966589363565,-22.786843743595455,021
2.4902063080195056,-3.5909587604458957,-10.307418576509864,021
-13.465770112850297,-24.431489299544044,-12.918749855702966,021
16.737423280990594,-11.6746739495207,-1.713504256294683,021
-31.35138675418328,-24.175652367077685,-17.9870699282944,021
-45.390635966896504,-23.206206603836346,-26.86234567750397,021
-65.27249639107453,13.991153402462455,-78.62620807500954,021
-77.10635975258496,-7.526486094980309,-67.64643159722128,021
-70.94296707195409,-26.474480076036436,-54.79209546665862,021
-48.53205579854236,-25.712876015826048,-42.08473637330131,021
-40.779178165638655,-32.78022751738141,-57.1062678519786,021
-28.034805886140237,-34.960283443122144,-72.4544610488084,021
-17.13470557231303,-32.0181913017662,-81.3298039352608,021
22.308876036980763,-27.1180709297176,-90.67009842417531,021
-6.954507351042229,-28.561756160788104,-88.35480151567126,021
34.25139204587818,-31.94612025030577,-85.42410978701018,021
31.920736651238727,-23.47970662547427,-101.89600323609547,021
17.518358048021792,-23.98473627829952,-74.6878601056252,021
-30.657835467334632,13.021891942230642,-91.55289995779185,021
-39.92448175011533,18.525969326557906,-84.6426174896926,021
-16.709740638096644,3.890326497855855,-96.44527987804064,021
-8.145627464014819,-2.8070489680924644,-105.59693712164955,021
-0.19581582607273254,-14.485513907504506,-108.63651925210714,021
11.096455056196094,-28.987956994039173,-102.92055768717701,021
0.23729679913939292,-26.40185389917466,-113.01496030659413,021
-50.03121634112557,29.356002044681894,-74.52504484779787,021
-46.541241730383405,23.302888273074103,-78.15704884737919,021
-3.4088311262098863,-28.03298234147742,-81.34364804870249,021
